0 0.339583 0.223611 0.035417 0.067593
0 0.339062 0.001852 0.0125 0.003704
0 0.307552 0.407407 0.061979 0.118519
0 0.339323 0.005093 0.013021 0.010185
0 0.31849 0.011111 0.014063 0.02037
0 0.291146 0.044444 0.01875 0.027778
0 0.326562 0.056019 0.016667 0.028704
0 0.293229 0.077315 0.019792 0.032407
0 0.35599 0.039815 0.017188 0.025926
0 0.391927 0.125463 0.028646 0.043519
0 0.33776 0.135185 0.027604 0.048148
0 0.240885 0.158333 0.031771 0.059259
0 0.32526 0.036111 0.017188 0.024074
0 0.427604 0.201852 0.0375 0.066667
0 0.226823 0.721296 0.111979 0.22963
