0 0.291146 0.042593 0.01875 0.027778
0 0.390625 0.121296 0.028125 0.042593
0 0.239063 0.677778 0.10625 0.211111
0 0.293229 0.075 0.019792 0.031481
0 0.326302 0.054167 0.016146 0.028704
0 0.355469 0.037963 0.016146 0.024074
0 0.31849 0.010648 0.014063 0.019444
0 0.338542 0.00463 0.0125 0.009259
0 0.425781 0.196296 0.036979 0.064815
0 0.33776 0.130093 0.027604 0.047222
0 0.339844 0.215741 0.034896 0.068519
0 0.240885 0.158333 0.031771 0.059259
0 0.32474 0.034259 0.018229 0.025926
0 0.310677 0.389352 0.058854 0.113889
