0 0.338021 0.004167 0.0125 0.008333
0 0.317188 0.006481 0.014583 0.012963
0 0.292708 0.014815 0.0125 0.018519
0 0.257552 0.631944 0.094271 0.193519
0 0.336719 0.222685 0.034896 0.063889
0 0.324479 0.049537 0.01875 0.028704
0 0.491667 0.77963 0.101042 0.314815
0 0.333333 0.09537 0.022917 0.038889
0 0.38099 0.090741 0.024479 0.037037
0 0.240885 0.157407 0.031771 0.059259
0 0.330729 0.156481 0.030208 0.05
0 0.317448 0.016667 0.011979 0.018519
0 0.29349 0.033796 0.015104 0.025
0 0.359375 0.053704 0.019792 0.031481
