0 0.328646 0.062963 0.016667 0.02963
0 0.340104 0.006944 0.0125 0.013889
0 0.339583 0.150463 0.030208 0.052778
0 0.31875 0.013889 0.014583 0.022222
0 0.293229 0.083796 0.020833 0.032407
0 0.291667 0.048611 0.01875 0.028704
0 0.172656 0.873148 0.144271 0.253704
0 0.240885 0.159259 0.031771 0.059259
0 0.397656 0.135648 0.029687 0.047222
0 0.338542 0.248611 0.039583 0.075
0 0.359115 0.046296 0.018229 0.027778
0 0.29375 0.469907 0.069792 0.136111
0 0.434375 0.219444 0.039583 0.07037
0 0.326562 0.040741 0.01875 0.027778
