0 0.330729 0.159259 0.030208 0.048148
0 0.336458 0.227315 0.035417 0.065741
0 0.381771 0.092593 0.025 0.038889
0 0.491667 0.793056 0.104167 0.315741
0 0.32474 0.05 0.019271 0.02963
0 0.359635 0.05463 0.020313 0.031481
0 0.240885 0.158333 0.031771 0.059259
0 0.317448 0.01713 0.011979 0.017593
0 0.333594 0.096759 0.023438 0.041667
0 0.29349 0.034259 0.015104 0.024074
0 0.338281 0.00463 0.011979 0.009259
0 0.317188 0.006481 0.014583 0.012963
0 0.293229 0.015278 0.0125 0.019444
0 0.252604 0.651852 0.097917 0.207407
