0 0.26875 0.579167 0.088542 0.173148
0 0.336458 0.118981 0.025 0.041667
0 0.325 0.049074 0.015625 0.02963
0 0.353125 0.03287 0.015625 0.023148
0 0.317708 0.008796 0.013542 0.017593
0 0.336979 0.002778 0.0125 0.005556
0 0.291667 0.039352 0.017708 0.026852
0 0.317188 0.348611 0.05 0.097222
0 0.420312 0.182407 0.035417 0.061111
0 0.240885 0.158333 0.031771 0.059259
0 0.340104 0.197685 0.033333 0.062037
0 0.323698 0.030556 0.017188 0.024074
0 0.386458 0.112037 0.027083 0.044444
0 0.292708 0.07037 0.019792 0.031481
