0 0.33125 0.294444 0.041667 0.07963
0 0.367448 0.070833 0.021354 0.034259
0 0.319792 0.025926 0.0125 0.02037
0 0.33099 0.202315 0.033854 0.060185
0 0.336979 0.122685 0.025 0.04537
0 0.328906 0.068056 0.020313 0.032407
0 0.392708 0.11713 0.027083 0.043519
0 0.240885 0.158333 0.031771 0.059259
0 0.293229 0.022685 0.013542 0.019444
0 0.149219 0.942593 0.130729 0.114815
0 0.342187 0.009722 0.014583 0.019444
0 0.31875 0.011574 0.015625 0.017593
0 0.293229 0.044444 0.016667 0.025926
0 0.488802 0.889815 0.131771 0.218519
