0 0.486719 0.951852 0.122396 0.096296
0 0.4875 0.883333 0.128125 0.233333
0 0.153646 0.925 0.140625 0.15
0 0.293229 0.021759 0.013542 0.019444
0 0.342187 0.009259 0.014583 0.018519
0 0.293229 0.043981 0.016667 0.025
0 0.31901 0.011574 0.015104 0.015741
0 0.336458 0.119907 0.025 0.04537
0 0.319271 0.025463 0.0125 0.021296
0 0.366667 0.069907 0.020833 0.034259
0 0.240885 0.158333 0.031771 0.059259
0 0.328125 0.066667 0.020833 0.031481
0 0.33099 0.199074 0.033854 0.059259
0 0.391927 0.115278 0.027604 0.043519
0 0.332031 0.287963 0.041146 0.077778
