0 0.339323 0.001852 0.011979 0.003704
0 0.339583 0.005556 0.0125 0.011111
0 0.31875 0.0125 0.014583 0.023148
0 0.291667 0.046296 0.01875 0.027778
0 0.327604 0.059259 0.016667 0.02963
0 0.293229 0.080093 0.020833 0.034259
0 0.357552 0.043056 0.018229 0.028704
0 0.240885 0.158333 0.031771 0.059259
0 0.394792 0.12963 0.029167 0.046296
0 0.338542 0.142593 0.029167 0.05
0 0.339583 0.235185 0.0375 0.072222
0 0.43099 0.210648 0.039062 0.069444
0 0.325781 0.038426 0.018229 0.025
0 0.201563 0.802778 0.129167 0.264815
0 0.301042 0.4375 0.064583 0.125
